# Simulation runtime summary for hugeepidemicsim using Atomic
# 1 Worker Threads per X Schedule Queues
# NOTSX      ERRNOTSX   TSXHLE     ERRTSXHLE  TSXRTM0    ERRTSXRTM0 TSXRTM1    ERRTSXRTM1 TSXRTM2    ERRTSXRTM2 
1 217.8405   2.456667   201.6606   2.56687    224.9011   1.483664   223.7013   1.874992   224.2646   1.11038   
# 2 Worker Threads per X Schedule Queues
# NOTSX      ERRNOTSX   TSXHLE     ERRTSXHLE  TSXRTM0    ERRTSXRTM0 TSXRTM1    ERRTSXRTM1 TSXRTM2    ERRTSXRTM2 
1 121.4532   1.262406   105.2221   0.830662   123.2083   0.705264   124.1073   0.875941   124.1445   0.591117  
2 122.5693   1.030542   105.7831   1.20408    123.6679   0.574196   129.8969   0.793717   134.2494   0.690833  
# 3 Worker Threads per X Schedule Queues
# NOTSX      ERRNOTSX   TSXHLE     ERRTSXHLE  TSXRTM0    ERRTSXRTM0 TSXRTM1    ERRTSXRTM1 TSXRTM2    ERRTSXRTM2 
1 91.73397   0.428317   75.39411   1.087269   91.71865   3.584898   93.29052   0.483303   92.92668   0.812465  
2 91.97412   0.592039   73.65462   0.837971   93.12521   0.517193   96.71263   0.477595   100.23165  0.99444   
3 92.04839   0.65329    73.79071   0.924862   92.53985   0.656009   97.35315   0.552907   102.1869   0.645295  
# 4 Worker Threads per X Schedule Queues
# NOTSX      ERRNOTSX   TSXHLE     ERRTSXHLE  TSXRTM0    ERRTSXRTM0 TSXRTM1    ERRTSXRTM1 TSXRTM2    ERRTSXRTM2 
1 73.73891   0.528632   60.28195   0.731697   74.60958   0.389172   74.5181    0.242028   74.56602   0.314685  
2 72.68093   0.843178   58.65538   0.450824   72.94911   0.370884   72.85808   0.310732   72.79443   0.271104  
3 72.26077   0.50456    58.82297   0.768202   72.32067   0.308751   72.73682   0.456966   72.93997   0.895629  
4 71.75425   0.284623   58.92703   0.705302   72.01298   0.203188   72.6807    0.687209   80.04739   0.805815  
# 5 Worker Threads per X Schedule Queues
# NOTSX      ERRNOTSX   TSXHLE     ERRTSXHLE  TSXRTM0    ERRTSXRTM0 TSXRTM1    ERRTSXRTM1 TSXRTM2    ERRTSXRTM2 
1 70.03219   0.420134   55.19623   0.548888   70.32548   0.238117   70.57022   0.240705   70.31054   0.338729  
2 68.42534   0.404624   53.52218   0.494748   68.24435   0.303076   67.82114   0.237696   67.98217   0.225186  
3 67.52357   0.522039   53.27157   0.50417    67.29553   0.383995   67.29116   0.342472   67.20522   0.345353  
4 67.60765   0.51962    52.81552   0.588535   66.90713   0.32577    66.62058   0.313286   67.0275    0.21088   
5 67.0045    0.515934   52.81275   0.540858   66.33014   0.369938   66.48813   0.329563   66.4978    0.241934  
# 6 Worker Threads per X Schedule Queues
# NOTSX      ERRNOTSX   TSXHLE     ERRTSXHLE  TSXRTM0    ERRTSXRTM0 TSXRTM1    ERRTSXRTM1 TSXRTM2    ERRTSXRTM2 
1 67.01331   0.354124   51.29214   0.515361   67.70904   0.26119    67.60336   0.299547   67.64906   0.337968  
2 64.20938   0.411287   49.50497   0.395159   63.90065   0.323178   63.90298   0.225035   63.60698   0.299477  
3 63.67244   0.474074   48.83054   0.467847   62.76897   0.286164   62.77762   0.320923   62.49331   0.360274  
4 63.14005   0.280993   48.14332   0.099648   62.54433   0.168113   62.46479   0.289129   62.45282   0.224042  
5 62.77093   0.42419    48.3039    0.416007   62.0603    0.361526   61.98148   0.415098   62.14087   0.266919  
6 62.74357   0.432897   48.57572   0.548055   62.00996   0.340785   61.81367   0.330509   61.44584   0.29408   
# 7 Worker Threads per X Schedule Queues
# NOTSX      ERRNOTSX   TSXHLE     ERRTSXHLE  TSXRTM0    ERRTSXRTM0 TSXRTM1    ERRTSXRTM1 TSXRTM2    ERRTSXRTM2 
1 65.43501   0.336377   47.97194   0.349081   67.07035   0.307422   67.13639   0.239408   67.10817   0.260234  
2 61.18868   0.256276   45.78442   0.344598   60.93997   0.286168   60.83278   0.281788   60.7529    0.299036  
3 59.81288   0.350139   45.19073   0.399193   59.88465   0.474434   59.9144    0.343274   60.07039   0.238196  
4 60.00562   0.500296   44.98525   0.374906   59.45569   0.38091    59.35064   0.404399   59.44939   0.403951  
5 59.59091   0.540514   45.21261   0.485992   58.92784   0.432876   58.78737   0.399052   58.68667   0.27536   
6 59.25656   0.462663   45.06997   0.412872   58.43948   0.478074   58.27429   0.380974   58.47623   0.352127  
7 59.4853    0.514473   44.90713   0.498703   58.26033   0.334194   58.07086   0.278659   58.10251   0.411576  
8 59.19538   0.413241   44.87251   0.494173   58.22931   0.480193   58.01448   0.32655    57.9337    0.44181   
9 59.2669    0.414948   44.75373   0.458802   58.4052    0.293362   57.92816   0.365478   58.14371   0.381299  
10 59.34948   0.370031   44.35009   0.372746   57.99437   0.401992   57.79564   0.358953   57.75383   0.220816  
11 59.02118   0.412558   44.46675   0.420587   57.96007   0.365469   57.87078   0.301927   57.55701   0.336982  

