# Simulation runtime summary for hugeepidemicsim using Atomic
# 1 Worker Threads per X Schedule Queues
# NOTSX      ERRNOTSX   TSXHLE     ERRTSXHLE  TSXRTM0    ERRTSXRTM0 TSXRTM1    ERRTSXRTM1 TSXRTM2    ERRTSXRTM2 
1 207.2035   1.519596   202.2717   1.677629   217.5191   2.056606   197.0484   46.06851   216.789    2.223092  
# 2 Worker Threads per X Schedule Queues
# NOTSX      ERRNOTSX   TSXHLE     ERRTSXHLE  TSXRTM0    ERRTSXRTM0 TSXRTM1    ERRTSXRTM1 TSXRTM2    ERRTSXRTM2 
1 116.4235   0.927609   108.954    0.944409   118.684    1.076981   116.9108   1.189996   117.1102   1.492542  
2 115.6024   0.792894   109.2484   0.904029   117.7229   1.160894   119.5496   0.952412   123.0765   1.028451  
# 3 Worker Threads per X Schedule Queues
# NOTSX      ERRNOTSX   TSXHLE     ERRTSXHLE  TSXRTM0    ERRTSXRTM0 TSXRTM1    ERRTSXRTM1 TSXRTM2    ERRTSXRTM2 
1 86.68496   0.561517   78.97558   0.522907   86.98494   0.93615    87.23555   0.52142    86.86632   0.675471  
2 85.60182   0.562017   78.43174   0.586732   86.50232   0.738853   87.607     0.642271   89.89595   0.69607   
3 86.3133    0.611038   78.5103    0.705212   85.9454    0.718082   88.1969    0.485868   91.18392   0.623013  
# 4 Worker Threads per X Schedule Queues
# NOTSX      ERRNOTSX   TSXHLE     ERRTSXHLE  TSXRTM0    ERRTSXRTM0 TSXRTM1    ERRTSXRTM1 TSXRTM2    ERRTSXRTM2 
1 69.10316   0.416773   62.9378    0.448908   69.66342   0.389628   69.83356   0.495383   69.84454   0.274564  
2 67.84112   0.557016   62.37573   0.510566   68.30126   0.487265   68.50429   0.544216   68.15996   0.620008  
3 67.39596   0.478542   62.07258   0.453381   68.14323   0.493264   67.95451   0.380289   67.87997   0.514229  
4 66.76213   0.217363   61.90574   0.551825   67.4811    0.450521   67.62543   0.484704   70.2383    1.200858  
# 5 Worker Threads per X Schedule Queues
# NOTSX      ERRNOTSX   TSXHLE     ERRTSXHLE  TSXRTM0    ERRTSXRTM0 TSXRTM1    ERRTSXRTM1 TSXRTM2    ERRTSXRTM2 
1 65.55224   0.466699   59.10022   0.441333   65.85304   0.415332   66.36527   0.447664   65.93243   0.326212  
2 63.47112   0.470764   57.54082   0.446249   63.77498   0.37773    63.65528   0.482142   63.4346    0.428484  
3 62.85453   0.371935   57.18313   0.469163   62.76966   0.388471   62.8215    0.387955   62.1598    0.27079   
4 62.39749   0.400174   56.92786   0.361326   62.42046   0.283083   62.09118   0.355244   62.33819   0.470288  
5 61.99647   0.393403   56.97688   0.516874   62.22504   0.471151   61.90635   0.438803   61.84788   0.535374  
# 6 Worker Threads per X Schedule Queues
# NOTSX      ERRNOTSX   TSXHLE     ERRTSXHLE  TSXRTM0    ERRTSXRTM0 TSXRTM1    ERRTSXRTM1 TSXRTM2    ERRTSXRTM2 
1 63.08122   0.330753   55.17      0.367784   63.55863   0.288677   63.5021    0.345817   63.42367   0.276628  
2 59.60514   0.351059   53.75264   0.300897   59.47981   0.261266   59.23124   0.178849   59.3601    0.227906  
3 58.95308   0.351657   53.04769   0.305678   58.47094   0.381479   58.37218   0.261646   58.36233   0.281233  
4 58.2217    0.223264   52.94674   0.338483   57.83084   0.340076   57.8187    0.394369   57.34523   0.352643  
5 58.63046   0.420004   52.73247   0.405719   57.61768   0.37177    57.13306   0.322476   57.30397   0.344933  
6 57.95653   0.236649   52.64116   0.370445   57.32227   0.354165   56.92255   0.326062   57.13587   0.413237  
# 7 Worker Threads per X Schedule Queues
# NOTSX      ERRNOTSX   TSXHLE     ERRTSXHLE  TSXRTM0    ERRTSXRTM0 TSXRTM1    ERRTSXRTM1 TSXRTM2    ERRTSXRTM2 
1 62.0087    0.271755   52.34157   0.357852   63.15388   0.236761   63.22262   0.302584   63.16908   0.234464  
2 56.45951   0.258021   50.14213   0.323851   56.42135   0.240406   56.36767   0.25695    56.48491   0.258297  
3 55.55553   0.377311   49.45753   0.138701   54.99486   0.356965   55.12707   0.306114   55.43678   0.294264  
4 55.06972   0.319667   49.30365   0.270125   54.42662   0.346089   54.58198   0.331944   54.68952   0.3547    
5 54.41529   0.246293   48.94958   0.381016   54.17429   0.391737   54.14548   0.399312   54.23046   0.240657  
6 54.8201    0.412266   48.69469   0.185281   53.82807   0.373428   53.64255   0.521433   53.77921   0.263043  
7 54.36719   0.345477   49.17264   0.370419   53.50975   0.371503   53.35658   0.333488   53.61676   0.357108  
8 54.40962   0.242194   48.827     0.24954    53.49148   0.454466   53.3235    0.276114   53.2586    0.442617  
9 54.28767   0.414273   48.61016   0.319091   52.97367   0.281275   53.05141   0.460318   53.17703   0.316272  
10 54.05481   0.387055   48.55684   0.367562   53.06708   0.1881     53.11359   0.260034   53.05285   0.290208  
11 54.24308   0.229327   48.7523    0.277653   52.75974   0.37584    52.92058   0.243632   53.09536   0.340029  

