# Simulation runtime summary for hugetrafficsim using Atomic
# 1 Schedule Queue(s) per X Worker Threads
# NOTSX      ERRNOTSX   TSXHLE     ERRTSXHLE  RTMSTR0    ERRRTMSTR0 RTMSTR1    ERRRTMSTR1 RTMSTR2    ERRRTMSTR2 RTMLAZ0    ERRRTMLAZ0 RTMLAZ1    ERRRTMLAZ1 RTMLAZ2    ERRRTMLAZ2 
2 51.99848   0.601056   44.27284   0.271523   49.98163   0.550006   50.41105   0.486273   77.47327   0.308192   52.53874   2.281332   51.35819   2.561808   72.791956  0.248131  
3 42.52106   0.636639   31.66879   0.1556     38.74173   0.323778   39.79238   1.803519   54.72528   0.17881    39.04603   1.430848   40.771     1.620041   50.95446   0.67674   
4 33.13467   0.092851   25.74936   0.08404    30.44446   0.238856   32.70129   1.356378   41.08913   0.104957   32.41776   0.101956   35.11773   1.542269   42.2813    0.175274  
5 31.26229   0.124917   23.69553   0.056072   28.06881   0.112122   30.46732   0.075929   35.25115   0.112901   30.40816   0.076769   30.90094   0.638148   36.49146   0.193618  
6 30.71754   0.133823   22.26482   0.071752   27.76537   0.083335   27.06847   0.706856   32.39913   0.054104   30.56824   0.088967   30.18008   0.060808   33.98676   0.109599  
7 31.37164   0.133507   22.19599   0.113966   29.39338   0.228525   28.91988   0.311019   30.13421   0.40856    35.25481   0.32334    31.11683   0.36551    36.67055   0.371164  
# 2 Schedule Queue(s) per X Worker Threads
# NOTSX      ERRNOTSX   TSXHLE     ERRTSXHLE  RTMSTR0    ERRRTMSTR0 RTMSTR1    ERRRTMSTR1 RTMSTR2    ERRRTMSTR2 RTMLAZ0    ERRRTMLAZ0 RTMLAZ1    ERRRTMLAZ1 RTMLAZ2    ERRRTMLAZ2 
2 51.3845    2.785912   42.97179   0.331606   48.87184   1.182221   50.09482   1.442435   77.61958   0.311493   46.64987   0.229081   50.14728   3.014053   83.9016    1.345024  
4 38.724778  2.549531   31.1842    1.088723   37.56082   0.925583   36.69932   0.967039   43.11322   0.378578   33.708733  1.903378   37.799314  0.58599    44.13833   1.056588  
6 28.88956   0.427016   23.9384    0.513495   27.37739   0.612282   25.93288   0.255747   25.82175   0.312757   27.68332   0.619034   26.77335   0.92162    25.95769   1.366084  
