# Simulation runtime summary for hugeepidemicsim-CONTmig using Atomic
# 1 Worker Threads per X Schedule Queues
# NOTSX      ERRNOTSX   TSXHLE     ERRTSXHLE  TSXRTM0    ERRTSXRTM0 TSXRTM1    ERRTSXRTM1 TSXRTM2    ERRTSXRTM2 
1 217.8405   2.456667   201.6606   2.56687    217.0781   1.378957   254.4198   1.540681   299.5028   2.615903  
# 2 Worker Threads per X Schedule Queues
# NOTSX      ERRNOTSX   TSXHLE     ERRTSXHLE  TSXRTM0    ERRTSXRTM0 TSXRTM1    ERRTSXRTM1 TSXRTM2    ERRTSXRTM2 
1 121.4532   1.262406   105.2221   0.830662   118.95     0.675498   131.0166   0.721137   139.4046   0.584492  
2 122.5693   1.030542   105.7831   1.20408    118.8288   0.744655   130.422    0.658835   141.834    0.692411  
# 3 Worker Threads per X Schedule Queues
# NOTSX      ERRNOTSX   TSXHLE     ERRTSXHLE  TSXRTM0    ERRTSXRTM0 TSXRTM1    ERRTSXRTM1 TSXRTM2    ERRTSXRTM2 
1 91.73397   0.428317   75.39411   1.087269   87.73292   0.502398   87.49614   0.525547   87.80155   0.7229    
2 91.97412   0.592039   73.65462   0.837971   87.10655   0.701137   96.0926    0.372798   104.1274   0.551301  
3 92.04839   0.65329    73.79071   0.924862   86.66888   0.80674    95.49024   0.681051   104.3216   0.611773  
# 4 Worker Threads per X Schedule Queues
# NOTSX      ERRNOTSX   TSXHLE     ERRTSXHLE  TSXRTM0    ERRTSXRTM0 TSXRTM1    ERRTSXRTM1 TSXRTM2    ERRTSXRTM2 
1 73.73891   0.528632   60.28195   0.731697   71.41774   0.372544   71.36796   0.266089   71.41409   0.240255  
2 72.68093   0.843178   58.65538   0.450824   69.61207   0.367243   69.87512   0.384952   69.72401   0.261508  
3 72.26077   0.50456    58.82297   0.768202   68.74917   0.276318   69.07035   0.392679   71.39542   2.134923  
4 71.75425   0.284623   58.92703   0.705302   68.63793   0.302441   72.80646   0.721468   80.05035   0.448426  
# 5 Worker Threads per X Schedule Queues
# NOTSX      ERRNOTSX   TSXHLE     ERRTSXHLE  TSXRTM0    ERRTSXRTM0 TSXRTM1    ERRTSXRTM1 TSXRTM2    ERRTSXRTM2 
1 70.03219   0.420134   55.19623   0.548888   67.87277   0.224931   68.15194   0.299879   68.06496   0.310567  
2 68.42534   0.404624   53.52218   0.494748   64.98913   0.342261   65.16525   0.232764   65.23447   0.150939  
3 67.52357   0.522039   53.27157   0.50417    64.11706   0.187257   64.25337   0.317335   64.33134   0.196908  
4 67.60765   0.51962    52.81552   0.588535   63.89061   0.341435   63.49488   0.255137   63.86914   0.226631  
5 67.0045    0.515934   52.81275   0.540858   63.48374   0.226506   63.34723   0.240057   63.55681   0.248394  
# 6 Worker Threads per X Schedule Queues
# NOTSX      ERRNOTSX   TSXHLE     ERRTSXHLE  TSXRTM0    ERRTSXRTM0 TSXRTM1    ERRTSXRTM1 TSXRTM2    ERRTSXRTM2 
1 67.01331   0.354124   51.29214   0.515361   65.49844   0.178067   65.45491   0.252352   65.3304    0.182914  
2 64.20938   0.411287   49.50497   0.395159   61.38581   0.1732     61.49742   0.282969   61.29548   0.289532  
3 63.67244   0.474074   48.83054   0.467847   60.36977   0.153382   60.42371   0.196426   60.39728   0.327363  
4 63.14005   0.280993   48.14332   0.099648   59.91618   0.219053   59.62621   0.240317   59.76826   0.283793  
5 62.77093   0.42419    48.3039    0.416007   59.177     0.192208   59.42349   0.215494   59.6869    0.218319  
6 62.74357   0.432897   48.57572   0.548055   59.12959   0.315788   59.31867   0.311222   59.26162   0.241388  
# 7 Worker Threads per X Schedule Queues
# NOTSX      ERRNOTSX   TSXHLE     ERRTSXHLE  TSXRTM0    ERRTSXRTM0 TSXRTM1    ERRTSXRTM1 TSXRTM2    ERRTSXRTM2 
1 65.43501   0.336377   47.97194   0.349081   64.78688   0.204503   64.67556   0.21491    64.79655   0.199739  
2 61.18868   0.256276   45.78442   0.344598   58.05771   0.233552   58.2995    0.24895    58.50302   0.287937  
3 59.81288   0.350139   45.19073   0.399193   57.07844   0.263938   57.19185   0.291872   57.01499   0.167897  
4 60.00562   0.500296   44.98525   0.374906   56.62367   0.278542   56.77423   0.316819   56.573     0.299219  
5 59.59091   0.540514   45.21261   0.485992   56.08196   0.244697   56.27503   0.397432   56.14568   0.363555  
6 59.25656   0.462663   45.06997   0.412872   55.96044   0.328611   56.04552   0.095925   55.82212   0.298641  
7 59.4853    0.514473   44.90713   0.498703   55.82336   0.497245   55.79018   0.212092   56.07954   0.444375  
8 59.19538   0.413241   44.87251   0.494173   55.24838   0.310431   55.69923   0.378058   55.57836   0.18809   
9 59.2669    0.414948   44.75373   0.458802   55.37066   0.33261    55.49927   0.289233   55.54608   0.232637  
10 59.34948   0.370031   44.35009   0.372746   54.98      0.289438   55.42229   0.206163   55.33722   0.275602  
11 59.02118   0.412558   44.46675   0.420587   55.19562   0.274977   55.20022   0.236258   55.30964   0.345184  

