10       0.0020
20       0.0030
30       0.0070
40       0.0070
50       0.0080
60       0.0060
70       0.0080
80       0.0060
90       0.0160
100      0.0200
200      0.0200
300      0.0160
400      0.0200
500      0.0200
600      0.0200
700      0.0210
800      0.0200
900      0.0200
1000     0.0300
2000     0.0120
3000     0.0280
4000     0.0120
5000     0.0190
6000     0.0170
7000     0.0190
8000     0.0190
9000     0.0230
10000    0.0350
20000    0.0520
30000    0.0530
40000    0.0660
50000    0.0820
60000    0.1120
70000    0.1190
80000    0.1330
90000    0.1510
100000   0.1610
200000   0.3300
300000   0.5800
400000   0.5750
500000   0.8620
600000   0.9960
700000   1.0000
800000   0.9980
900000   1.0000
1000000  1.0000

